{
 "cells": [
  {
   "cell_type": "code",
   "execution_count": 2,
   "id": "0acc57d4",
   "metadata": {},
   "outputs": [],
   "source": [
    "import numpy as np\n",
    "\n",
    "np.set_printoptions(precision=3, suppress=True)\n",
    "np.random.seed(42)\n"
   ]
  },
  {
   "cell_type": "code",
   "execution_count": 4,
   "id": "a336c723",
   "metadata": {},
   "outputs": [],
   "source": [
    "tokens = [\"I\", \"love\", \"AI\"]\n",
    "\n",
    "seq_len = len(tokens)\n",
    "d_model = 6        # model dimension\n",
    "num_heads = 3      # number of attention heads\n",
    "head_dim = d_model // num_heads\n",
    "\n",
    "assert d_model % num_heads == 0\n"
   ]
  },
  {
   "cell_type": "code",
   "execution_count": 5,
   "id": "9bc67355",
   "metadata": {},
   "outputs": [
    {
     "name": "stdout",
     "output_type": "stream",
     "text": [
      "Embeddings (E): (3, 6)\n"
     ]
    }
   ],
   "source": [
    "E = np.array([\n",
    "    [1.0, 0.0, 0.2, 0.1, 0.0, 0.3],   # I\n",
    "    [0.8, 0.6, 0.1, 0.2, 0.1, 0.0],   # love\n",
    "    [0.0, 1.0, 0.3, 0.0, 0.2, 0.4],   # AI\n",
    "])\n",
    "\n",
    "print(\"Embeddings (E):\", E.shape)\n"
   ]
  },
  {
   "cell_type": "code",
   "execution_count": 6,
   "id": "940abf5f",
   "metadata": {},
   "outputs": [
    {
     "name": "stdout",
     "output_type": "stream",
     "text": [
      "Q shape: (3, 6)\n",
      "K shape: (3, 6)\n",
      "V shape: (3, 6)\n"
     ]
    }
   ],
   "source": [
    "# Projection Matrices (Q, K, V, O)\n",
    "\n",
    "W_Q = np.random.randn(d_model, d_model)\n",
    "W_K = np.random.randn(d_model, d_model)\n",
    "W_V = np.random.randn(d_model, d_model)\n",
    "W_O = np.random.randn(d_model, d_model)\n",
    "\n",
    "# Linear Projections\n",
    "\n",
    "Q = E @ W_Q\n",
    "K = E @ W_K\n",
    "V = E @ W_V\n",
    "\n",
    "print(\"Q shape:\", Q.shape)\n",
    "print(\"K shape:\", K.shape)\n",
    "print(\"V shape:\", V.shape)\n",
    "\n"
   ]
  },
  {
   "cell_type": "code",
   "execution_count": 7,
   "id": "555a80ed",
   "metadata": {},
   "outputs": [
    {
     "data": {
      "text/plain": [
       "array([[-0.036,  1.565, -2.62 ,  0.822,  0.087, -0.299],\n",
       "       [ 0.092, -1.988, -0.22 ,  0.357,  1.478, -0.518],\n",
       "       [-0.808, -0.502,  0.915,  0.329, -0.53 ,  0.513],\n",
       "       [ 0.097,  0.969, -0.702, -0.328, -0.392, -1.464],\n",
       "       [ 0.296,  0.261,  0.005, -0.235, -1.415, -0.421],\n",
       "       [-0.343, -0.802, -0.161,  0.404,  1.886,  0.175]])"
      ]
     },
     "execution_count": 7,
     "metadata": {},
     "output_type": "execute_result"
    }
   ],
   "source": [
    "W_V"
   ]
  },
  {
   "cell_type": "code",
   "execution_count": 8,
   "id": "fda184cb",
   "metadata": {},
   "outputs": [
    {
     "name": "stdout",
     "output_type": "stream",
     "text": [
      "Qh shape: (3, 3, 2)\n"
     ]
    }
   ],
   "source": [
    "def split_heads(x):\n",
    "    return x.reshape(seq_len, num_heads, head_dim)\n",
    "\n",
    "# Each token now exists in multiple spaces.\n",
    "\n",
    "Qh = split_heads(Q)\n",
    "Kh = split_heads(K)\n",
    "Vh = split_heads(V)\n",
    "\n",
    "print(\"Qh shape:\", Qh.shape)\n"
   ]
  },
  {
   "cell_type": "code",
   "execution_count": 9,
   "id": "b8c9c99d",
   "metadata": {},
   "outputs": [
    {
     "name": "stdout",
     "output_type": "stream",
     "text": [
      "\n",
      "Head 1 attention:\n",
      "[[0.359 0.35  0.292]\n",
      " [0.395 0.369 0.236]\n",
      " [0.268 0.28  0.452]]\n",
      "\n",
      "Head 2 attention:\n",
      "[[0.521 0.287 0.192]\n",
      " [0.546 0.308 0.145]\n",
      " [0.225 0.51  0.265]]\n",
      "\n",
      "Head 3 attention:\n",
      "[[0.396 0.357 0.247]\n",
      " [0.356 0.352 0.292]\n",
      " [0.383 0.359 0.258]]\n"
     ]
    }
   ],
   "source": [
    "def softmax(x, axis=-1):\n",
    "    exp_x = np.exp(x - np.max(x, axis=axis, keepdims=True))\n",
    "    return exp_x / np.sum(exp_x, axis=axis, keepdims=True)\n",
    "\n",
    "contexts = []\n",
    "\n",
    "# -- Each head:\n",
    "\n",
    "# -- produces its own attention matrix (3 × 3)\n",
    "\n",
    "# -- learns different relationships\n",
    "\n",
    "for h in range(num_heads):\n",
    "    Q_h = Qh[:, h, :]      # (seq_len, head_dim)\n",
    "    K_h = Kh[:, h, :]\n",
    "    V_h = Vh[:, h, :]\n",
    "\n",
    "    scores = Q_h @ K_h.T\n",
    "    scores /= np.sqrt(head_dim)\n",
    "\n",
    "    attention = softmax(scores, axis=-1)\n",
    "    context = attention @ V_h\n",
    "\n",
    "    contexts.append(context)\n",
    "\n",
    "    print(f\"\\nHead {h+1} attention:\")\n",
    "    print(attention)\n"
   ]
  },
  {
   "cell_type": "code",
   "execution_count": 10,
   "id": "acc40594",
   "metadata": {},
   "outputs": [
    {
     "name": "stdout",
     "output_type": "stream",
     "text": [
      "\n",
      "Concatenated context shape: (3, 6)\n"
     ]
    }
   ],
   "source": [
    "# Concatenate along feature dimension\n",
    "context_concat = np.concatenate(contexts, axis=-1)\n",
    "\n",
    "print(\"\\nConcatenated context shape:\", context_concat.shape)\n"
   ]
  },
  {
   "cell_type": "code",
   "execution_count": 11,
   "id": "82b0a0ac",
   "metadata": {},
   "outputs": [
    {
     "data": {
      "text/plain": [
       "array([[-0.173, -0.149, -1.986,  0.852,  0.888, -0.506],\n",
       "       [-0.171,  0.037, -2.099,  0.868,  0.944, -0.507],\n",
       "       [-0.183, -0.672, -1.737,  0.787,  0.902, -0.508]])"
      ]
     },
     "execution_count": 11,
     "metadata": {},
     "output_type": "execute_result"
    }
   ],
   "source": [
    "context_concat"
   ]
  },
  {
   "cell_type": "code",
   "execution_count": 12,
   "id": "cae5d6cf",
   "metadata": {},
   "outputs": [
    {
     "data": {
      "text/plain": [
       "array([[ 0.258, -0.074, -1.919, -0.027,  0.06 ,  2.463],\n",
       "       [-0.192,  0.302, -0.035, -1.169,  1.143,  0.752],\n",
       "       [ 0.791, -0.909,  1.403, -1.402,  0.587,  2.19 ],\n",
       "       [-0.991, -0.566,  0.1  , -0.503, -1.551,  0.069],\n",
       "       [-1.062,  0.474, -0.919,  1.55 , -0.783, -0.322],\n",
       "       [ 0.814, -1.231,  0.227,  1.307, -1.607,  0.185]])"
      ]
     },
     "execution_count": 12,
     "metadata": {},
     "output_type": "execute_result"
    }
   ],
   "source": [
    "W_O"
   ]
  },
  {
   "cell_type": "code",
   "execution_count": 15,
   "id": "e8506ba4",
   "metadata": {},
   "outputs": [
    {
     "data": {
      "text/plain": [
       "array([[-3.786,  2.335, -3.296,  3.249, -2.55 , -5.21 ],\n",
       "       [-3.986,  2.513, -3.515,  3.267, -2.469, -5.328],\n",
       "       [-3.443,  1.998, -2.929,  3.563, -2.907, -5.09 ]])"
      ]
     },
     "execution_count": 15,
     "metadata": {},
     "output_type": "execute_result"
    }
   ],
   "source": [
    "context_concat @ W_O"
   ]
  },
  {
   "cell_type": "code",
   "execution_count": 13,
   "id": "c98bc4bc",
   "metadata": {},
   "outputs": [
    {
     "name": "stdout",
     "output_type": "stream",
     "text": [
      "\n",
      "Final output shape: (3, 6)\n",
      "\n",
      "Final output:\n",
      "[[-3.786  2.335 -3.296  3.249 -2.55  -5.21 ]\n",
      " [-3.986  2.513 -3.515  3.267 -2.469 -5.328]\n",
      " [-3.443  1.998 -2.929  3.563 -2.907 -5.09 ]]\n"
     ]
    }
   ],
   "source": [
    "# WO ​∈ R dmodel​×dmodel​\n",
    "\n",
    "output = context_concat @ W_O\n",
    "\n",
    "print(\"\\nFinal output shape:\", output.shape)\n",
    "print(\"\\nFinal output:\")\n",
    "print(output)\n"
   ]
  }
 ],
 "metadata": {
  "kernelspec": {
   "display_name": "venv",
   "language": "python",
   "name": "python3"
  },
  "language_info": {
   "codemirror_mode": {
    "name": "ipython",
    "version": 3
   },
   "file_extension": ".py",
   "mimetype": "text/x-python",
   "name": "python",
   "nbconvert_exporter": "python",
   "pygments_lexer": "ipython3",
   "version": "3.10.0"
  }
 },
 "nbformat": 4,
 "nbformat_minor": 5
}
